367,4
363,4
358,4
280,10
18,109
18,110
18,111
229,3
336,3
358,3
18,225
19,4
18,162
369,4
18,219
349,3
349,4
18,224
280,5
370,4
370,3
280,3
121,4
70,4
239,4
81,4
213,6
217,4
215,5
103,5
162,3
2,31
266,3
337,4
169,3
253,4
278,4
357,4
245,4
297,17
297,15
297,12
297,11
297,10
297,8
297,7
297,6
297,3
282,3
254,3
245,3
322,6
361,3
342,3
322,5
357,3
248,4
19,10
331,5
331,3
248,3
60,6
60,5
60,4
297,13
18,222
18,223
113,6
113,4
121,3
213,3
210,3
55,3
2,14
237,5
73,3
57,4
159,3
209,3
79,3
64,5
23,5
27,5
18,125
18,205
2,81
297,9
297,16
297,4
350,3
105,4
97,4
187,3
187,4
196,3
196,4
115,4
18,221
39,3
40,3
40,4
38,3
38,4
41,3
0,424
0,314
0,325
738,4
738,3
738,2
738,1
738,0
0,317
18,339
18,645
18,644
2,79
737,4
737,3
737,2
737,1
737,0
0,319
18,461
18,26
18,154
2,149
736,4
736,3
736,2
736,1
736,0
0,333
18,129
18,149
2,67
2,78
89,5
89,4
18,220
18,218
18,217
18,212
18,215
18,216
735,4
735,3
735,2
0,315
735,1
735,0
0,316
0,320
18,5
48,7
18,97
111,4
228,4
26,8
90,4
77,4
91,4
199,4
190,3
51,6
183,3
85,5
203,3
159,6
165,6
235,6
235,4
111,5
16,3
28,3
177,4
180,3
124,3
182,3
114,3
2,27
313,4
175,6
176,8
176,3
21,3
93,3
93,4
112,3
112,5
181,3
54,3
59,3
58,3
173,3
87,5
225,3
191,3
172,7
99,4
18,76
18,214
18,153
79,4
158,4
171,7
171,6
100,3
73,4
18,52
17,3
34,3
34,4
18,213
18,93
216,4
236,4
325,4
322,3
18,104
18,203
18,202
18,195
18,209
18,116
50,3
50,4
154,4
148,5
151,5
153,5
29,5
173,4
59,4
204,5
197,5
49,5
185,4
179,4
21,5
205,4
41,4
35,4
39,4
190,4
48,6
203,4
178,4
192,4
177,6
53,5
37,5
36,5
182,4
183,4
189,4
181,5
202,4
191,5
180,5
198,4
231,5
229,7
22,5
101,5
49,3
43,3
46,3
51,3
47,4
45,4
42,3
42,4
44,3
44,4
43,4
46,4
48,3
52,3
115,3
26,7
26,9
26,4
27,3
74,4
134,4
56,3
143,4
125,4
164,5
164,4
37,3
35,3
18,28
36,3
71,8
2,64
18,126
18,210
18,207
233,5
233,4
233,3
241,4
242,3
18,103
230,5
230,4
230,3
7,3
18,54
23,3
18,13
18,141
25,8
25,6
25,5
25,4
1,5
88,4
88,3
232,5
232,4
232,3
88,6
88,5
109,6
109,5
177,5
18,211
165,5
165,4
76,4
26,10
26,6
26,5
164,3
198,5
12,17
12,8
227,3
312,3
317,3
231,3
10,3
2,73
2,8
89,3
2,25
2,15
2,33
2,11
234,4
2,75
2,18
168,3
26,3
140,3
2,19
2,34
292,3
0,356
0,9
234,3
2,68
2,9
2,30
25,7
2,35
11,4
11,3
118,3
118,4
80,4
69,4
24,3
75,4
25,3
184,4
72,11
18,123
18,108
18,81
18,7
107,7
107,6
72,10
72,9
72,8
72,7
0,7
18,27
2,74
107,5
107,4
107,3
94,4
18,127
72,4
72,3
178,5
13,3
112,8
18,158
30,7
18,137
18,17
18,120
18,208
18,206
18,204
18,200
18,201
18,197
18,194
18,193
18,124
18,122
18,106
18,102
18,105
18,98
18,94
18,88
18,84
18,78
18,74
18,73
18,71
18,68
18,70
18,53
18,51
18,32
18,35
18,34
18,29
18,16
18,14
18,6
18,11
30,6
30,5
18,65
12,7
12,5
18,66
18,69
18,67
18,37
60,3
218,3
18,96
18,42
18,40
102,3
18,75
18,72
18,15
18,12
188,4
192,3
18,8
18,9
18,10
18,19
83,3
83,6
83,5
83,4
175,7
175,3
2,20
281,4
281,3
18,192
22,13
259,4
259,3
255,7
255,5
255,4
255,3
255,6
18,107
18,115
1,4
0,304
0,303
0,329
0,12
0,326
0,11
0,336
0,10
0,350
0,8
331,11
331,10
297,14
297,5
19,9
18,198
18,196
18,199
317,4
317,11
317,10
0,300
0,299
0,298
0,297
0,296
0,295
0,294
0,293
0,292
0,291
0,290
0,289
0,288
0,287
0,286
0,285
0,284
0,283
0,282
0,281
0,280
0,279
0,278
0,277
0,276
0,275
0,274
0,273
0,272
0,271
0,270
0,269
0,268
0,267
0,266
0,265
0,264
0,263
0,262
0,261
0,260
0,259
0,258
0,257
0,256
0,255
0,254
0,253
0,252
0,251
0,250
0,249
0,248
0,247
0,246
0,245
0,244
0,242
0,241
0,240
0,239
0,238
0,237
0,236
0,235
0,234
0,233
0,232
0,231
0,230
0,229
0,228
0,227
0,226
0,225
0,224
0,223
0,222
0,221
0,220
0,219
0,218
0,217
0,216
0,215
0,214
0,213
0,212
0,211
0,210
0,209
0,208
0,207
0,206
0,205
0,204
0,203
0,202
0,201
0,200
0,199
0,198
0,197
0,196
0,195
0,194
0,193
0,192
0,63
0,62
0,61
0,60
0,59
0,58
0,57
0,51
0,50
0,49
0,48
0,47
0,46
0,45
0,6
317,9
317,8
317,7
317,6
317,5
0,56
273,5
273,4
101,3
18,64
273,3
18,121
22,12
2,12
0,55
0,54
64,4
85,3
19,6
18,49
170,3
170,4
18,79
18,77
18,80
249,5
249,4
249,3
57,3
18,112
74,3
18,45
0,53
71,7
71,3
2,3
0,52
1,3
193,3
152,5
18,25
18,20
18,18
18,36
18,41
18,39
18,99
18,82
19,5
18,33
18,85
18,83
18,113
18,119
18,118
18,117
18,92
18,89
18,90
18,91
18,95
29,3
18,100
18,101
19,8
18,38
30,3
8,3
18,135
110,3
57,5
193,4
18,87
12,3
12,4
27,4
19,7
19,3
18,86
22,8
22,11
22,9
22,6
22,10
22,7
66,4
30,4
29,4
17,4
8,4
7,4
18,46
18,3
18,4
22,3
71,5
71,4
71,6
497,7
497,6
497,5
528,8
528,7
528,6
72,6
72,5
24,10
24,17
24,16
83,8
83,7
2,148
36,7
36,6
0,423
734,8
734,7
734,6
734,5
734,4
734,3
734,2
734,1
734,0
30,9
30,8
92,17
92,16
92,15
92,4
92,14
92,13
92,12
92,11
92,10
12,16
12,15
12,14
12,12
12,10
50,14
50,13
50,12
50,11
50,10
50,9
50,8
50,7
50,6
50,5
733,4
733,3
733,2
733,1
733,0
19,11
732,7
732,6
732,5
732,4
732,3
732,2
732,1
732,0
18,167
18,643
18,642
731,9
731,8
731,7
731,6
731,5
731,4
731,3
731,2
731,1
731,0
0,422
18,60
730,4
730,3
730,2
730,1
730,0
18,641
729,10
729,9
729,8
729,7
729,6
729,5
729,4
729,3
729,2
729,1
729,0
18,640
18,446
22,26
2,147
1,10
728,4
728,3
728,2
728,1
728,0
18,460
18,459
22,17
727,6
727,5
727,4
727,3
727,2
727,1
727,0
726,6
726,5
726,4
726,3
726,2
726,1
726,0
725,6
725,5
725,4
725,3
725,2
725,1
725,0
18,445
18,444
22,25
724,4
724,3
724,2
724,1
724,0
2,146
723,7
723,6
723,5
723,4
723,3
723,2
723,1
723,0
0,421
19,20
18,443
722,7
722,6
722,5
722,4
722,3
722,2
722,1
722,0
721,7
721,6
721,5
721,4
721,3
721,2
721,1
721,0
18,442
720,7
720,6
720,5
720,4
720,3
720,2
720,1
720,0
18,448
18,441
18,519
18,184
18,440
18,582
18,59
18,581
719,4
719,3
719,2
719,1
719,0
718,7
718,6
718,5
718,4
718,3
718,2
718,1
718,0
22,24
717,4
717,3
717,2
717,1
717,0
716,5
716,4
716,3
716,2
716,1
716,0
18,439
715,5
715,4
715,3
715,2
715,1
715,0
18,174
2,145
714,5
714,4
714,3
714,2
714,1
714,0
0,420
713,4
713,3
713,2
713,1
713,0
2,144
712,4
712,3
712,2
712,1
712,0
18,458
18,191
711,4
711,3
711,2
711,1
711,0
710,4
710,3
710,2
710,1
710,0
709,4
709,3
709,2
709,1
709,0
708,4
708,3
708,2
708,1
708,0
18,457
707,4
707,3
707,2
707,1
707,0
18,325
706,4
706,3
706,2
706,1
706,0
705,5
705,4
705,3
705,2
705,1
705,0
18,438
704,4
704,3
704,2
704,1
704,0
703,4
703,3
703,2
703,1
703,0
2,143
702,5
702,4
702,3
702,2
702,1
702,0
2,142
701,4
701,3
701,2
701,1
701,0
700,4
700,3
700,2
700,1
700,0
699,5
699,4
699,3
699,2
699,1
699,0
0,419
18,518
18,128
1,9
698,4
698,3
698,2
698,1
698,0
697,4
697,3
697,2
697,1
697,0
696,4
696,3
696,2
696,1
696,0
695,4
695,3
695,2
695,1
695,0
18,437
54,24
54,23
54,22
54,21
694,4
694,3
694,2
694,1
694,0
18,456
18,63
693,5
693,4
693,3
693,2
693,1
693,0
18,357
18,348
692,4
692,3
692,2
692,1
692,0
2,141
691,5
691,4
691,3
691,2
691,1
691,0
18,356
2,140
690,5
690,4
690,3
690,2
690,1
690,0
18,336
689,6
689,5
689,4
689,3
689,2
689,1
689,0
688,4
688,3
688,2
688,1
688,0
18,580
687,8
687,7
687,6
687,5
687,4
687,3
687,2
687,1
687,0
18,436
686,4
686,3
686,2
686,1
686,0
18,22
18,579
18,182
2,139
685,5
685,4
685,3
685,2
685,1
685,0
0,418
684,4
684,3
684,2
684,1
684,0
683,4
683,3
683,2
683,1
683,0
42,14
682,4
682,3
682,2
682,1
682,0
18,435
18,578
18,434
18,433
18,432
681,4
681,3
681,2
681,1
681,0
680,5
680,4
680,3
680,2
680,1
680,0
18,187
18,355
2,138
679,4
679,3
679,2
679,1
679,0
678,4
678,3
678,2
678,1
678,0
18,134
18,431
677,5
677,4
677,3
677,2
677,1
677,0
676,5
676,4
676,3
676,2
676,1
676,0
18,455
18,181
675,4
675,3
675,2
675,1
675,0
18,430
18,577
674,7
2,137
674,6
674,5
674,4
674,3
674,2
674,1
674,0
0,417
673,4
673,3
673,2
673,1
673,0
672,5
672,4
672,3
672,2
672,1
672,0
18,148
18,429
18,517
18,142
18,428
18,427
22,23
671,4
671,3
671,2
671,1
671,0
670,4
670,3
670,2
670,1
670,0
669,5
669,4
669,3
669,2
669,1
669,0
0,382
668,4
668,3
668,2
668,1
668,0
667,5
667,4
667,3
667,2
667,1
667,0
666,4
666,3
666,2
666,1
666,0
665,4
665,3
665,2
665,1
665,0
664,5
664,4
664,3
664,2
664,1
664,0
18,516
18,61
18,426
18,425
663,4
663,3
663,2
663,1
663,0
0,416
662,5
662,4
662,3
662,2
662,1
662,0
2,136
661,5
661,4
661,3
661,2
661,1
661,0
660,4
660,3
660,2
660,1
660,0
659,4
659,3
659,2
659,1
659,0
658,4
658,3
658,2
658,1
658,0
18,515
18,190
18,424
18,454
18,423
657,4
657,3
657,2
657,1
657,0
18,576
656,5
656,4
656,3
656,2
656,1
656,0
22,22
18,176
655,5
655,4
655,3
655,2
655,1
655,0
48,9
48,8
52,9
654,4
654,3
654,2
654,1
654,0
2,135
653,4
653,3
653,2
653,1
653,0
652,4
652,3
652,2
652,1
652,0
651,4
651,3
651,2
651,1
651,0
650,6
650,5
650,4
650,3
650,2
650,1
650,0
0,415
18,422
18,421
649,4
649,3
649,2
649,1
649,0
648,14
648,13
648,12
648,11
648,10
648,9
648,8
648,7
648,6
648,5
648,4
648,3
648,2
648,1
648,0
18,514
18,50
18,420
647,4
647,3
647,2
647,1
647,0
1,8
646,4
646,3
646,2
646,1
646,0
18,419
18,513
18,147
645,4
645,3
645,2
645,1
645,0
18,354
42,13
54,20
54,19
24,15
24,14
24,13
24,12
18,165
644,4
644,3
644,2
644,1
644,0
18,353
643,5
643,4
643,3
643,2
643,1
643,0
2,134
642,4
642,3
642,2
642,1
642,0
641,8
641,7
641,6
641,5
641,4
641,3
641,2
641,1
641,0
0,414
18,418
18,21
640,4
640,3
640,2
640,1
640,0
639,10
639,9
639,8
639,7
639,6
639,5
639,4
639,3
639,2
639,1
639,0
19,19
18,417
18,512
18,62
18,453
18,188
18,416
638,4
638,3
638,2
638,1
638,0
637,4
637,3
637,2
637,1
637,0
18,415
636,4
636,3
636,2
636,1
636,0
18,414
635,4
635,3
635,2
635,1
635,0
634,4
634,3
634,2
634,1
634,0
18,413
633,4
633,3
633,2
633,1
633,0
632,5
632,4
632,3
632,2
632,1
632,0
0,413
631,5
631,4
631,3
631,2
631,1
631,0
630,4
630,3
630,2
630,1
630,0
18,412
18,411
2,133
629,4
629,3
629,2
629,1
629,0
628,5
628,4
628,3
628,2
628,1
628,0
627,4
627,3
627,2
627,1
627,0
18,410
626,4
626,3
626,2
626,1
626,0
625,6
625,5
625,4
625,3
625,2
625,1
625,0
19,18
19,12
18,452
18,326
18,409
624,4
624,3
624,2
624,1
624,0
623,5
623,4
623,3
623,2
623,1
623,0
622,4
622,3
622,2
622,1
622,0
2,132
621,5
621,4
621,3
621,2
621,1
621,0
0,412
620,6
620,5
620,4
620,3
620,2
620,1
620,0
2,131
619,11
619,10
619,9
619,8
619,7
619,6
619,5
619,4
619,3
619,2
619,1
619,0
2,130
2,129
618,5
618,4
618,3
618,2
618,1
618,0
18,408
617,8
617,7
617,6
617,5
617,4
617,3
617,2
617,1
617,0
18,352
18,185
2,127
2,126
616,14
616,13
616,12
616,11
616,10
616,9
616,8
616,7
616,6
616,5
616,4
616,3
616,2
616,1
616,0
18,407
18,406
18,405
18,351
18,171
18,451
18,57
18,404
615,4
615,3
615,2
615,1
615,0
614,4
614,3
614,2
614,1
614,0
613,8
613,7
613,6
613,5
613,4
613,3
613,2
613,1
613,0
0,411
18,403
18,402
18,401
612,5
612,4
612,3
612,2
612,1
612,0
611,5
611,4
611,3
611,2
611,1
611,0
610,4
610,3
610,2
610,1
610,0
18,350
18,24
609,5
609,4
609,3
609,2
609,1
609,0
608,11
608,10
608,9
608,8
608,7
608,6
608,5
608,4
608,3
608,2
608,1
608,0
18,450
18,400
607,4
607,3
607,2
607,1
607,0
2,125
606,6
606,5
606,4
606,3
606,2
606,1
606,0
605,5
605,4
605,3
605,2
605,1
605,0
0,410
604,4
604,3
604,2
604,1
604,0
2,124
603,7
603,6
603,5
603,4
603,3
603,2
603,1
603,0
18,399
18,398
602,4
602,3
602,2
602,1
602,0
601,4
601,3
601,2
601,1
601,0
2,123
600,5
600,4
600,3
600,2
600,1
600,0
599,6
599,5
599,4
599,3
599,2
599,1
599,0
18,449
18,156
598,4
598,3
598,2
598,1
598,0
597,5
597,4
597,3
597,2
597,1
597,0
18,397
18,396
596,12
596,11
596,10
596,9
596,8
596,7
596,6
596,5
596,4
596,3
596,2
596,1
596,0
0,409
19,17
18,349
18,395
18,394
18,175
18,133
595,6
595,5
595,4
595,3
595,2
595,1
595,0
594,6
594,5
594,4
594,3
594,2
594,1
594,0
18,393
593,17
593,16
593,15
593,14
593,13
593,12
593,11
593,10
593,9
593,8
593,7
593,6
593,5
593,4
593,3
593,2
593,1
593,0
18,392
18,391
592,6
592,5
592,4
592,3
592,2
592,1
592,0
18,390
18,327
2,122
591,6
591,5
591,4
591,3
591,2
591,1
591,0
590,5
590,4
590,3
590,2
590,1
590,0
0,408
589,6
589,5
589,4
589,3
589,2
589,1
589,0
588,10
588,9
588,8
588,7
588,6
588,5
588,4
588,3
588,2
588,1
588,0
18,389
18,388
587,10
2,121
587,9
587,8
587,7
587,6
587,5
587,4
587,3
587,2
587,1
587,0
18,347
18,180
18,387
586,4
586,3
586,2
586,1
586,0
22,21
585,6
585,5
585,4
585,3
585,2
585,1
585,0
18,386
584,9
584,8
584,7
584,6
584,5
584,4
584,3
584,2
584,1
584,0
0,407
18,385
18,384
18,346
18,345
583,4
583,3
583,2
583,1
583,0
18,447
18,318
2,120
582,6
582,5
582,4
582,3
582,2
582,1
582,0
18,159
581,4
581,3
581,2
581,1
581,0
580,5
580,4
580,3
580,2
580,1
580,0
18,317
579,4
579,3
579,2
579,1
579,0
578,5
578,4
578,3
578,2
578,1
578,0
18,316
18,315
577,5
577,4
577,3
577,2
577,1
577,0
0,406
2,119
576,11
576,10
2,118
576,9
576,8
576,7
576,6
576,5
576,4
576,3
576,2
576,1
576,0
18,314
2,117
575,12
575,11
575,10
575,9
575,8
575,7
575,6
575,5
575,4
575,3
575,2
575,1
575,0
18,313
18,312
52,8
24,9
24,4
574,4
574,3
574,2
